time size
14 50100
15 55100
11 60100
12 65100
13 70100
19 75100
17 80100
21 85100
16 90100
22 95100
26 100100
27 105100
28 110100
25 115100
30 120100
25 125100
22 130100
23 135100
25 140100
28 145100
32 150100
33 155100
34 160100
29 165100
29 170100
31 175100
38 180100
42 185100
40 190100
42 195100
42 200100
35 205100
36 210100
37 215100
38 220100
42 225100
41 230100
43 235100
44 240100
64 245100
52 250100
60 255100
44 260100
65 265100
69 270100
69 275100
59 280100
70 285100
87 290100
70 295100
74 300100
76 305100
132 310100
79 315100
112 320100
79 325100
94 330100
82 335100
74 340100
75 345100
85 350100
74 355100
100 360100
86 365100
87 370100
92 375100
83 380100
113 385100
97 390100
85 395100
105 400100
142 405100
90 410100
88 415100
74 420100
107 425100
95 430100
87 435100
84 440100
100 445100
95 450100
98 455100
217 460100
153 465100
131 470100
98 475100
137 480100
105 485100
170 490100
91 495100
124 500100
118 505100
343 510100
399 515100
265 520100
243 525100
165 530100
213 535100
206 540100
131 545100
126 550100
115 555100
97 560100
100 565100
103 570100
97 575100
137 580100
197 585100
104 590100
102 595100
129 600100
261 605100
106 610100
105 615100
154 620100
108 625100
118 630100
154 635100
116 640100
128 645100
114 650100
209 655100
143 660100
148 665100
153 670100
115 675100
117 680100
279 685100
155 690100
119 695100
192 700100
122 705100
138 710100
203 715100
162 720100
125 725100
209 730100
143 735100
131 740100
309 745100
138 750100
279 755100
228 760100
210 765100
139 770100
143 775100
228 780100
162 785100
149 790100
197 795100
216 800100
537 805100
331 810100
322 815100
309 820100
502 825100
367 830100
677 835100
717 840100
412 845100
418 850100
956 855100
365 860100
518 865100
595 870100
523 875100
564 880100
737 885100
785 890100
493 895100
690 900100
505 905100
587 910100
640 915100
721 920100
848 925100
593 930100
611 935100
747 940100
766 945100
633 950100
908 955100
720 960100
859 965100
810 970100
869 975100
584 980100
443 985100
285 990100
300 995100
267 1000100
649 1005100
614 1010100
340 1015100
250 1020100
496 1025100
344 1030100
456 1035100
291 1040100
330 1045100
751 1050100
361 1055100
513 1060100
706 1065100
838 1070100
613 1075100
498 1080100
713 1085100
605 1090100
913 1095100
537 1100100
566 1105100
576 1110100
795 1115100
827 1120100
586 1125100
597 1130100
640 1135100
855 1140100
889 1145100
915 1150100
948 1155100
808 1160100
816 1165100
889 1170100
846 1175100
736 1180100
966 1185100
982 1190100
1093 1195100
1008 1200100
947 1205100
1134 1210100
1025 1215100
1105 1220100
1017 1225100
936 1230100
1088 1235100
1009 1240100
938 1245100
1028 1250100
964 1255100
1058 1260100
1110 1265100
1102 1270100
1025 1275100
1030 1280100
1084 1285100
1135 1290100
992 1295100
1051 1300100
1003 1305100
999 1310100
1085 1315100
1154 1320100
1135 1325100
1145 1330100
1059 1335100
1133 1340100
1146 1345100
1176 1350100
1169 1355100
1159 1360100
1051 1365100
1219 1370100
1191 1375100
1260 1380100
1102 1385100
1079 1390100
1082 1395100
1146 1400100
1374 1405100
1081 1410100
1130 1415100
1212 1420100
1223 1425100
1192 1430100
1159 1435100
1150 1440100
1188 1445100
1219 1450100
1133 1455100
1271 1460100
1282 1465100
1209 1470100
1231 1475100
1238 1480100
1214 1485100
1171 1490100
1284 1495100
1218 1500100
1289 1505100
1237 1510100
1300 1515100
1304 1520100
1230 1525100
1292 1530100
1330 1535100
1181 1540100
1305 1545100
1309 1550100
1205 1555100
1337 1560100
1328 1565100
1294 1570100
1360 1575100
1414 1580100
1284 1585100
1368 1590100
1381 1595100
1518 1600100
1398 1605100
1382 1610100
1441 1615100
1342 1620100
1375 1625100
1404 1630100
1384 1635100
1311 1640100
1438 1645100
1552 1650100
1442 1655100
1432 1660100
1309 1665100
1413 1670100
1496 1675100
1429 1680100
1340 1685100
1429 1690100
1351 1695100
1498 1700100
1399 1705100
1422 1710100
1394 1715100
1531 1720100
1451 1725100
1472 1730100
1473 1735100
1353 1740100
1479 1745100
1469 1750100
1581 1755100
1412 1760100
1500 1765100
1527 1770100
1584 1775100
1660 1780100
1512 1785100
1503 1790100
1543 1795100
1631 1800100
1470 1805100
1539 1810100
1542 1815100
1504 1820100
1477 1825100
1536 1830100
1527 1835100
1569 1840100
1521 1845100
1602 1850100
1493 1855100
1811 1860100
1634 1865100
1627 1870100
1496 1875100
1611 1880100
1591 1885100
1656 1890100
1679 1895100
1871 1900100
1848 1905100
1673 1910100
1646 1915100
1615 1920100
1680 1925100
1717 1930100
1593 1935100
1524 1940100
1662 1945100
1992 1950100
1694 1955100
1836 1960100
1656 1965100
1665 1970100
1734 1975100
1710 1980100
1791 1985100
1646 1990100
1709 1995100
1759 2000100
1676 2005100
1704 2010100
1824 2015100
1780 2020100
1679 2025100
1775 2030100
1673 2035100
1958 2040100
1761 2045100
1892 2050100
1920 2055100
1799 2060100
1760 2065100
1779 2070100
1797 2075100
1788 2080100
1755 2085100
1807 2090100
1775 2095100
1735 2100100
1808 2105100
1861 2110100
1728 2115100
1723 2120100
1868 2125100
1729 2130100
1857 2135100
1785 2140100
1840 2145100
1869 2150100
1935 2155100
2095 2160100
1861 2165100
1842 2170100
1875 2175100
1814 2180100
1868 2185100
1956 2190100
1854 2195100
2013 2200100
1986 2205100
2017 2210100
2009 2215100
1783 2220100
2064 2225100
1929 2230100
2157 2235100
1947 2240100
1903 2245100
1931 2250100
1884 2255100
1908 2260100
2037 2265100
1960 2270100
1885 2275100
1893 2280100
1906 2285100
1907 2290100
2126 2295100
1918 2300100
1882 2305100
1968 2310100
1871 2315100
2305 2320100
2011 2325100
1992 2330100
1917 2335100
1994 2340100
1853 2345100
2039 2350100
2073 2355100
2071 2360100
2263 2365100
2132 2370100
2052 2375100
2313 2380100
2233 2385100
2054 2390100
2095 2395100
2022 2400100
2097 2405100
2299 2410100
2076 2415100
2289 2420100
2058 2425100
2135 2430100
2126 2435100
2150 2440100
2104 2445100
2187 2450100
2035 2455100
2330 2460100
2127 2465100
2216 2470100
2047 2475100
2131 2480100
2027 2485100
2126 2490100
2173 2495100
2103 2500100
