time size
196 50000
234 55000
278 60000
284 65000
308 70000
341 75000
463 80000
387 85000
436 90000
478 95000
483 100000
486 105000
562 110000
549 115000
595 120000
585 125000
660 130000
701 135000
729 140000
745 145000
764 150000
1127 155000
827 160000
944 165000
864 170000
980 175000
987 180000
969 185000
963 190000
1003 195000
1086 200000
1010 205000
1084 210000
1054 215000
1227 220000
1219 225000
1444 230000
1110 235000
1200 240000
1242 245000
1624 250000
1271 255000
1437 260000
1404 265000
1670 270000
1425 275000
1379 280000
1850 285000
1567 290000
1516 295000
1596 300000
1630 305000
1665 310000
2159 315000
1716 320000
1811 325000
2109 330000
1969 335000
1745 340000
1880 345000
1831 350000
1885 355000
1996 360000
2555 365000
2245 370000
1973 375000
2111 380000
2127 385000
2161 390000
2037 395000
2160 400000
2207 405000
2188 410000
2311 415000
2369 420000
2393 425000
2524 430000
2214 435000
2589 440000
2428 445000
2453 450000
2396 455000
2396 460000
2560 465000
2564 470000
2697 475000
2459 480000
2555 485000
2580 490000
2683 495000
2606 500000
2739 505000
2813 510000
2667 515000
3120 520000
3271 525000
3210 530000
2619 535000
2914 540000
2888 545000
3226 550000
3598 555000
3408 560000
3841 565000
4035 570000
4475 575000
3118 580000
3327 585000
3902 590000
3643 595000
3089 600000
4028 605000
3791 610000
3941 615000
3469 620000
3774 625000
3971 630000
3366 635000
4333 640000
3951 645000
3670 650000
4202 655000
4562 660000
4215 665000
4108 670000
3930 675000
3753 680000
4404 685000
3867 690000
4578 695000
4470 700000
4475 705000
4301 710000
4338 715000
4393 720000
4728 725000
4400 730000
5253 735000
4732 740000
5179 745000
5392 750000
5171 755000
5768 760000
5185 765000
4890 770000
5144 775000
5179 780000
5038 785000
5742 790000
4442 795000
4215 800000
4210 805000
6013 810000
5302 815000
5062 820000
4924 825000
5330 830000
5200 835000
5532 840000
5419 845000
5725 850000
4987 855000
5776 860000
6612 865000
6042 870000
5803 875000
5697 880000
5907 885000
5512 890000
6739 895000
6593 900000
6448 905000
5691 910000
6011 915000
5923 920000
6469 925000
6266 930000
6666 935000
5610 940000
6649 945000
6337 950000
6490 955000
6388 960000
6271 965000
6760 970000
7254 975000
6651 980000
6673 985000
6614 990000
6762 995000
6868 1000000
6698 1005000
7214 1010000
7116 1015000
7369 1020000
7313 1025000
6910 1030000
7292 1035000
6999 1040000
7018 1045000
7123 1050000
6718 1055000
7562 1060000
6294 1065000
6760 1070000
7430 1075000
7362 1080000
7530 1085000
7607 1090000
6944 1095000
6636 1100000
6735 1105000
7719 1110000
7348 1115000
7606 1120000
7032 1125000
6934 1130000
7062 1135000
7987 1140000
6224 1145000
6431 1150000
6223 1155000
6979 1160000
6681 1165000
7197 1170000
7740 1175000
7834 1180000
7544 1185000
7928 1190000
7697 1195000
7961 1200000
7759 1205000
6434 1210000
7467 1215000
7764 1220000
7639 1225000
7727 1230000
8868 1235000
6485 1240000
6802 1245000
8046 1250000
7724 1255000
8625 1260000
7727 1265000
9439 1270000
7551 1275000
7915 1280000
7946 1285000
7926 1290000
9002 1295000
6586 1300000
7429 1305000
7170 1310000
7961 1315000
8582 1320000
8427 1325000
7491 1330000
9742 1335000
9550 1340000
9574 1345000
9237 1350000
9879 1355000
9387 1360000
8690 1365000
9539 1370000
9867 1375000
8860 1380000
9341 1385000
9050 1390000
9001 1395000
9595 1400000
9826 1405000
9454 1410000
8144 1415000
10640 1420000
9847 1425000
9008 1430000
9957 1435000
9121 1440000
9588 1445000
8853 1450000
8938 1455000
9794 1460000
10049 1465000
9948 1470000
9477 1475000
9319 1480000
9657 1485000
9892 1490000
9718 1495000
9847 1500000
10379 1505000
9852 1510000
10246 1515000
10776 1520000
10117 1525000
10667 1530000
9889 1535000
11671 1540000
11607 1545000
9715 1550000
9840 1555000
10074 1560000
10110 1565000
10427 1570000
10168 1575000
11205 1580000
10265 1585000
9329 1590000
8891 1595000
11932 1600000
9690 1605000
9751 1610000
10119 1615000
9174 1620000
9394 1625000
9073 1630000
10575 1635000
10133 1640000
9695 1645000
11398 1650000
9750 1655000
11265 1660000
10783 1665000
10447 1670000
10169 1675000
10732 1680000
10163 1685000
9903 1690000
10057 1695000
9693 1700000
9636 1705000
10970 1710000
12005 1715000
10066 1720000
10541 1725000
11005 1730000
11954 1735000
10585 1740000
10779 1745000
11361 1750000
11339 1755000
9942 1760000
11323 1765000
11905 1770000
10630 1775000
11755 1780000
11764 1785000
11908 1790000
12417 1795000
12265 1800000
12934 1805000
12728 1810000
13836 1815000
10972 1820000
11107 1825000
12620 1830000
13870 1835000
12989 1840000
11881 1845000
13400 1850000
13041 1855000
12323 1860000
12812 1865000
12431 1870000
11421 1875000
12315 1880000
12656 1885000
11386 1890000
11682 1895000
12020 1900000
12615 1905000
12147 1910000
13111 1915000
12672 1920000
13403 1925000
13152 1930000
12720 1935000
12711 1940000
13755 1945000
12911 1950000
13073 1955000
13440 1960000
13636 1965000
12819 1970000
13136 1975000
12881 1980000
14130 1985000
13754 1990000
13241 1995000
13254 2000000
12609 2005000
14561 2010000
13850 2015000
13612 2020000
14165 2025000
14473 2030000
13732 2035000
13479 2040000
13438 2045000
14034 2050000
14032 2055000
14930 2060000
14187 2065000
13345 2070000
13811 2075000
14359 2080000
14490 2085000
15045 2090000
14063 2095000
13607 2100000
14253 2105000
14543 2110000
13927 2115000
13404 2120000
12153 2125000
12784 2130000
13022 2135000
13452 2140000
13672 2145000
13124 2150000
12004 2155000
12180 2160000
13096 2165000
13308 2170000
12012 2175000
12691 2180000
12903 2185000
13120 2190000
12716 2195000
14692 2200000
13947 2205000
12067 2210000
13525 2215000
12650 2220000
12251 2225000
13302 2230000
12480 2235000
13968 2240000
13936 2245000
14002 2250000
15240 2255000
12935 2260000
14220 2265000
14769 2270000
15784 2275000
14362 2280000
14471 2285000
14465 2290000
15136 2295000
14113 2300000
14716 2305000
15232 2310000
15689 2315000
14280 2320000
14094 2325000
14881 2330000
14303 2335000
14856 2340000
15561 2345000
16494 2350000
14944 2355000
14517 2360000
14442 2365000
13974 2370000
15019 2375000
14925 2380000
12815 2385000
15751 2390000
14109 2395000
13397 2400000
15514 2405000
14765 2410000
15017 2415000
15489 2420000
15479 2425000
15545 2430000
15354 2435000
15880 2440000
16660 2445000
14190 2450000
14998 2455000
15864 2460000
15524 2465000
16676 2470000
16569 2475000
15224 2480000
16679 2485000
16780 2490000
16669 2495000
15313 2500000
